939
4135
5874
7655
9521
10819
12316
13036
14508
18829
22017
22362
22669
23276
24956
25850
27778
30222
30604
36507
37510
38046
39085
39275
40697
44953
45910
47338
49338
49753
50590
51161
53323
54075
54712
59023
61429
62664
62898
67732
67786
77309
77335
81472
83341
84156
84715
84765
85935
90610
95788
95803
95940
96275
97617
98143
100333
101784
103728
105233
105557
109656
110917
111949
112154
113563
114368
115034
118131
118331
119769
121473
123024
123077
123726
123803
127770
127915
130312
133218
133272
133626
133958
139115
139550
143447
144179
146994
148902
149378
152168
152800
155862
156099
158395
160309
162419
165595
165668
167926
169395
176666
176987
177595
178568
179683
182902
182996
187295
187366
189986
190285
190294
190424
193354
195545
199734
200731
203393
207539
209590
210456
211618
212815
215408
217427
221568
224993
228179
229499
232881
235228
236905
239638
244328
244741
248472
248860
249593
250182
253099
253995
254783
255083
256823
257292
262153
262840
264375
268371
270296
270855
270900
270996
272015
272673
272778
275587
276187
276690
280341
289439
289564
290591
292641
296231
298939
309745
309757
312045
313309
313501
313983
315754
315757
318089
318787
321794
324117
324223
326902
333152
334724
334970
337543
347729
354471
355220
360031
360426
362869
367950
368438
368554
371668
372625
376947
377682
377899
378423
378651
387155
389078
390609
391346
393556
394504
396393
398811
399230
403679
404489
409179
411264
415005
415599
417477
420556
423133
424233
425800
426402
427228
427569
428563
432426
435774
437302
442801
444475
446142
446822
447114
450211
450756
451067
453572
455698
458495
460090
461524
463534
469045
469745
471466
471615
473772
476769
478851
479447
479961
481560
483162
484358
484412
485134
487014
489837
494712
497983
499108
501459
511108
516366
518821
520173
526583
534164
534436
536021
536544
537402
542742
544560
546348
546543
553560
553813
559036
559508
564930
568557
568577
575600
579067
581685
583992
585972
588478
588559
589988
595146
595727
595927
606289
608018
608301
610490
612755
614534
616054
617388
624834
626560
630561
631781
632037
632371
632682
636935
637061
637948
643898
647456
649250
650406
651195
654709
655759
656612
665555
672848
682794
683499
684296
687816
689302
692733
694265
696910
697591
697780
698107
704493
709917
711561
712974
713612
713949
714782
716123
716735
717118
718129
718593
718793
719215
721085
722840
724577
726598
730642
732387
732407
732848
733954
738710
743040
745290
759700
760225
764609
780982
781257
781285
790242
793734
798327
800837
803489
806622
809887
810549
813537
815112
816237
816455
816759
817402
819428
819580
820563
824247
826122
829479
830794
831130
831604
832058
836914
839212
839483
842508
843645
844695
847632
849627
849890
850265
850349
852090
856336
856587
858103
859381
860390
861080
861260
861535
861551
863317
865593
866305
867735
868142
872008
874592
880578
880842
883125
884071
887135
887859
895847
898756
900769
902920
906738
907240
908913
913205
914337
921740
924819
924843
925098
926195
926560
928576
930211
930331
933555
934685
936461
936823
938336
939774
942107
942194
942259
943022
946413
947769
948281
950773
951018
952526
952571
953402
953746
954658
955523
959328
963370
963728
965594
966136
969890
970771
973139
982348
983376
983679
985798
989615
991466
991740
993222
994271
994446
994516
995280
995854
995875
1004009
1004351
1006296
1006831
1008607
1011719
1014359
1015141
1015379
1015584
1020128
1021951
1022385
1022955
1024647
1031037
1031656
1032444
1034747
1037471
1039224
1040108
1040315
1042202
1042579
1045495
1045870
1050351
1053602
1054961
1058391
1063132
1076486
1078745
1080134
1080186
1083586
1085493
1086454
1089012
1090822
1092417
1092526
1093984
1096320
1102547
1104007
1104715
1108109
1109380
1109694
1109820
1115195
1121003
1122944
1125060
1128815
1129486
1131532
1132076
1134550
1135133
1137056
1139888
1144103
1147619
1148905
1151350
1151701
1152548
1156630
1157696
1160363
1161265
1163103
1164640
1167314
1170047
1177037
1179434
1181432
1185562
1188466
1190262
1190506
1191608
1196581
1198103
1201360
1207033
1207263
1210606
1211342
1214366
1215070
1215800
1216479
1218544
1219026
1224438
1224559
1227116
1233347
1233922
1234715
1239220
1240557
1241746
1249117
1250724
1252039
1252342
1253164
1267575
1272993
1277194
1278193
1283125
1284597
1284925
1286608
1291014
1292063
1293880
1295528
1296474
1297347
1297661
1298226
1298813
1298830
1299802
1300594
1302452
1305969
1306285
1307778
1308006
1311762
1312010
1312602
1313439
1316206
1317518
1318491
1319579
1320167
1323123
1326608
1328801
1331033
1336181
1336368
1337498
1338715
1338824
1343966
1345429
1346801
1349744
1353405
1356333
1361404
1361958
1363603
1366379
1367006
1369571
1370625
1371404
1372836
1374728
1377425
1378511
1379745
1382713
1383475
1384043
1393738
1394600
1394843
1398818
1398975
1402891
1406783
1408394
1414427
1414816
1418923
1419623
1420985
1422565
1425623
1425852
1430702
1431083
1433908
1434877
1438209
1438788
1439214
1439647
1451122
1452052
1454154
1456363
1456680
1459610
1459766
1464495
1466307
1468165
1469186
1470519
1486456
1487339
1488717
1492876
1495347
1499988
1500416
1504050
1508405
1508508
1512582
1513361
1514191
1514193
1518564
1519639
1522431
1527687
1535006
1542460
1553822
1556641
1557763
1560028
1562293
1564493
1568521
1568686
1569304
1570439
1571763
1572840
1573461
1574751
1575125
1576270
1578297
1581289
1584607
1587731
1588815
1590167
1591381
1592991
1595509
1598954
1599174
1601468
1601655
1605927
1610169
1613206
1613860
1614953
1615914
1616907
1618461
1618851
1618911
1620617
1621129
1624901
1626145
1628020
1628825
1632843
1636726
1642108
1644041
1644122
1644341
1645676
1646578
1649065
1655386
1656493
1660602
1662978
1666385
1667808
1668528
1668794
1668952
1669988
1671029
1672362
1673912
1675289
1677081
1678056
1679300
1680016
1681287
1682524
1683536
1685327
1685521
1686523
1689439
1693772
1695791
1696476
1697165
1700593
1701556
1704922
1705980
1708552
1711467
1713845
1714731
1715819
1715982
1716149
1716329
1719785
1724545
1726821
1727219
1727300
1729599
1734627
1735942
1735968
1739380
1746112
1750406
1752850
1753150
1756493
1757544
1758744
1759710
1762405
1767281
1768348
1768583
1770980
1771092
1771747
1771810
1772180
1773006
1780641
1783238
1785433
1786251
1793680
1804125
1804246
1806377
1806442
1809217
1809685
1812173
1813423
1813791
1815636
1815654
1819641
1821083
1822491
1823048
1823136
1823222
1826679
1827243
1833867
1834200
1834525
1836615
1837961
1838189
1839834
1840519
1842114
1844423
1845151
1848686
1851063
1854590
1856578
1856842
1857032
1860712
1862640
1863022
1864032
1865129
1865761
1868388
1869594
1870476
1875676
1877235
1879195
1881791
1883081
1884443
1891088
1891940
1893414
1900159
1906385
1907199
1911185
1911590
1915264
1915431
1915556
1916900
1917772
1918410
1919959
1920548
1924147
1925995
1928693
1933031
1933131
1934115
1936958
1941142
1942015
1943130
1946262
1948700
1952630
1958796
1961290
1961355
1964846
1968598
1973620
1977458
1979533
1988655
1988826
1995310
1996268
1998222
1999396

The average of these numbers is 982519.6932907348

