939
1323123
1618851
248860
1292063
1224559
442801
270855
1128815
1911185
683499
717118
25850
50590
637061
1286608
1201360
248472
952571
859381
1813423
249593
371668
309745
995280
264375
1693772
1756493
1919959
236905
1305969
716735
1560028
924819
965594
852090
149378
1408394
1122944
1278193
1319579
1806442
1995310
1345429
1857032
632371
632037
1058391
880842
1584607
1917772
694265
1834200
289439
1004009
829479
553813
697780
585972
473772
934685
1891940
1190506
494712
816759
156099
1346801
966136
1564493
469745
244328
884071
276187
239638
229499
133218
872008
861535
1191608
1752850
446142
1109380
447114
280341
1398818
1451122
1109820
1952630
148902
1695791
426402
1083586
1587731
1616907
1578297
404489
1773006
925098
1370625
1337498
1394843
1614953
221568
1671029
1854590
451067
1804246
726598
1312602
995854
479447
1758744
105233
926560
39085
1504050
377682
1148905
1456680
526583
844695
1883081
1610169
432426
1499988
1188466
836914
1272993
113563
207539
610490
1508405
1822491
832058
1179434
1677081
1283125
983679
403679
595727
1979533
883125
354471
84765
1809685
393556
1588815
187366
1542460
1045495
713949
387155
928576
324117
819580
428563
1512582
1656493
1701556
1626145
1864032
312045
1134550
1686523
1144103
313983
1363603
427228
1297661
1767281
1022955
1277194
650406
1377425
1361958
460090
1770980
950773
647456
1313439
1996268
1361404
1700593
924843
1685521
520173
1353405
1198103
176666
1054961
824247
40697
1367006
1958796
1727219
511108
272778
1090822
938336
1570439
858103
1961290
847632
1508508
1338715
209590
1968598
1109694
1160363
616054
423133
1156630
1977458
123726
81472
1662978
643898
1434877
861080
820563
489837
1685327
861260
1856842
1644122
588478
367950
1916900
1679300
1306285
1487339
537402
1267575
334970
45910
606289
544560
14508
1715982
1704922
630561
139115
861551
608018
262840
943022
270996
906738
377899
1132076
1727300
867735
817402
588559
724577
461524
1177037
1092526
378423
856336
398811
1865761
1393738
1666385
200731
1439647
272673
745290
1454154
1988655
450211
84715
127770
1311762
692733
390609
254783
963728
1297347
632682
95803
1024647
1500416
913205
1613206
224993
1374728
790242
1317518
1753150
1646578
1716329
1618911
1040315
1382713
1819641
479961
1655386
564930
1934115
1644041
1015141
18829
1771810
326902
711561
162419
581685
1675289
1459766
1214366
1771092
484412
714782
684296
97617
939774
59023
887859
257292
1812173
534436
1973620
1431083
1574751
1356333
1250724
54712
1011719
1815654
1988826
655759
830794
7655
427569
1157696
719215
589988
1739380
394504
49753
953746
165595
534164
1668528
849890
631781
608301
908913
1519639
865593
721085
54075
839212
152168
1628825
195545
1402891
1683536
1207263
1218544
1672362
1863022
49338
1680016
290591
1207033
399230
880578
946413
793734
930331
1900159
959328
1464495
1568686
1809217
96275
176987
718129
1615914
1042579
1439214
1669988
1881791
1591381
1298813
77335
994271
982348
1284597
212815
654709
1147619
262153
334724
1438209
1469186
733954
318787
415599
1527687
1249117
315757
487014
713612
1884443
296231
809887
61429
1014359
425800
1104007
453572
95788
985798
44953
1394600
1063132
1039224
376947
347729
1252039
1031656
1495347
1514191
1366379
933555
983376
100333
1252342
1398975
1628020
501459
1714731
115034
1215070
1599174
411264
24956
1660602
1425623
450756
764609
1879195
546543
1750406
1924147
1941142
813537
963370
318089
1161265
215408
1349744
656612
1729599
716123
1590167
712974
816455
842508
111949
444475
1343966
1826679
559508
559036
1425852
970771
583992
1086454
396393
1034747
1851063
275587
1581289
1601468
199734
1522431
415005
1163103
1840519
1576270
1378511
1190262
232881
1108109
1906385
1823048
1821083
722840
665555
1933031
1167314
9521
1759710
1726821
568557
1185562
697591
1152548
272015
1093984
187295
123077
1369571
1768583
1724545
1569304
1291014
139550
732407
1131532
1715819
110917
321794
1948700
1219026
228179
1771747
1040108
951018
437302
973139
118331
446822
732848
1845151
1015379
1918410
542742
167926
190424
1636726
355220
313501
1006296
123803
38046
575600
1414816
177595
1308006
546348
1893414
1418923
868142
1842114
637948
1096320
1613860
1678056
47338
51161
651195
165668
497983
1384043
10819
1513361
1302452
553560
1681287
1492876
190285
36507
1806377
1196581
160309
1844423
1772180
1575125
22017
1080186
121473
1915431
499108
989615
1757544
1137056
85935
1371404
815112
133272
1422565
1466307
298939
1920548
850349
309757
1433908
152800
863317
1115195
1645676
1053602
1151701
1452052
250182
1312010
1296474
22362
887135
1318491
1102547
1008607
1233922
1601655
1998222
991466
738710
84156
362869
1553822
217427
1785433
1020128
516366
1705980
1870476
826122
1139888
23276
1689439
255083
1668952
743040
1406783
1121003
993222
718793
417477
1015584
1605927
1735968
118131
614534
969890
1719785
612755
1961355
458495
696910
324223
12316
914337
109656
1032444
1430702
1815636
902920
256823
955523
926195
1946262
1210606
595146
689302
617388
1716149
1682524
1336181
133626
698107
942107
1869594
816237
1556641
839483
536021
169395
800837
994516
866305
1125060
1006831
1780641
1234715
39275
1211342
1050351
942194
1468165
5874
1868388
1414427
1216479
463534
103728
1833867
179683
1786251
1170047
313309
484358
112154
182902
1300594
1668794
1022385
1836615
1838189
1823222
831130
704493
948281
1837961
485134
182996
1877235
1696476
1233347
819428
1164640
1239220
687816
579067
455698
1151350
682794
289564
1331033
469045
1459610
1644341
953402
1571763
1827243
253995
1240557
849627
90610
1078745
672848
921740
1783238
1621129
759700
268371
1804125
636935
1964846
1037471
1456363
1129486
276690
144179
1708552
732387
1295528
391346
1021951
626560
860390
481560
270900
1813791
53323
98143
67786
1293880
947769
158395
372625
1620617
1080134
155862
1241746
1839834
424233
1045870
476769
389078
83341
1933131
1518564
360031
77309
1227116
1092417
1372836
1618461
114368
1999396
478851
595927
270296
292641
649250
368438
360426
1943130
1316206
518821
315754
936823
1598954
471615
178568
1438788
895847
1224438
1915556
1284925
1307778
1848686
803489
1667808
1925995
30604
760225
1298830
1649065
874592
1298226
127915
1470519
1568521
420556
119769
1936958
780982
62898
1253164
1299802
378651
189986
898756
850265
368554
337543
1746112
1592991
253099
1031037
900769
101784
1834525
568577
27778
1865129
1328801
1326608
1514193
203393
624834
1642108
1673912
193354
62664
1793680
130312
843645
1856578
1383475
143447
235228
1573461
1042202
1085493
1942015
1379745
831604
1535006
1632843
1862640
435774
1734627
1697165
1004351
1762405
1562293
333152
1089012
1076486
536544
1713845
718593
210456
1907199
781257
4135
37510
1624901
1860712
1420985
1768348
95940
994446
810549
1181432
936461
190294
13036
471466
1823136
1875676
907240
1557763
1572840
1911590
1320167
1135133
244741
409179
211618
781285
123024
930211
991740
30222
1711467
995875
67732
1336368
856587
1488717
1104715
952526
483162
1915264
133958
1419623
105557
146994
1891088
1928693
22669
798327
1486456
1595509
709917
806622
730642
954658
1215800
942259
1735942
1338824